1192
1426
1427
1600
1601
1750
1779
1931
1932
1933
1934
2045
2077
2078
2156
2158
2159
2160
2162
2291
2317
2318
2319
2320
2485
2486
2487
2488
2489
2599
2600
2601
2602
2724
2725
2726
2727
2896
2897
3091
3092
3093
3195
3196
3293
3294
3295
3296
3434
3435
3436
3437
3605
3606
3607
3608
3751
3752
3753
3754
3755
3895
3896
3897
4064
4065
4066
4218
4219
4221
4222
4223
4224
4225
4241
4379
4380
4381
4538
4628
4629
4630
4770
4851
4852
4853
4854
4855
4857
5093
5094
5095
5319
5320
5321
5338
5339
5531
5532
5533
5776
5777
5778
5779
6029
6030
6031
6032
6033
6291
6292
6293
6294
6434
6627
6628
7101
7102
7103